0 20.000000000000 0.000000000000 0.000000000000
1 19.951281005196 1.395129474883 0.000000000000
2 19.805361374831 2.783462019201 0.000000000000
3 19.562952014676 4.158233816355 0.000000000000
4 19.225233918766 5.512747116340 0.000000000000
5 18.793852415718 6.840402866513 0.000000000000
6 18.270909152852 8.134732861516 0.000000000000
7 17.658951857179 9.389431255718 0.000000000000
8 16.960961923129 10.598385284664 0.000000000000
9 16.180339887499 11.755705045849 0.000000000000
10 15.320888862380 12.855752193731 0.000000000000
11 14.386796006773 13.893167409180 0.000000000000
12 13.382612127177 14.862896509548 0.000000000000
13 12.313229506513 15.760215072134 0.000000000000
14 11.183858069415 16.580751451101 0.000000000000
15 10.000000000000 17.320508075689 0.000000000000
16 8.767422935782 17.975880925983 0.000000000000
17 7.492131868318 18.543677091336 0.000000000000
18 6.180339887499 19.021130325903 0.000000000000
19 4.838437911993 19.405914525520 0.000000000000
20 3.472963553339 19.696155060244 0.000000000000
21 2.090569265353 19.890437907365 0.000000000000
22 0.697989934050 19.987816540382 0.000000000000
23 -0.697989934050 19.987816540382 0.000000000000
24 -2.090569265353 19.890437907365 0.000000000000
25 -3.472963553339 19.696155060244 0.000000000000
26 -4.838437911993 19.405914525520 0.000000000000
27 -6.180339887499 19.021130325903 0.000000000000
28 -7.492131868318 18.543677091336 0.000000000000
29 -8.767422935782 17.975880925983 0.000000000000
30 -10.000000000000 17.320508075689 0.000000000000
31 -11.183858069415 16.580751451101 0.000000000000
32 -12.313229506513 15.760215072134 0.000000000000
33 -13.382612127177 14.862896509548 0.000000000000
34 -14.386796006773 13.893167409180 0.000000000000
35 -15.320888862380 12.855752193731 0.000000000000
36 -16.180339887499 11.755705045849 0.000000000000
37 -16.960961923129 10.598385284664 0.000000000000
38 -17.658951857179 9.389431255718 0.000000000000
39 -18.270909152852 8.134732861516 0.000000000000
40 -18.793852415718 6.840402866513 0.000000000000
41 -19.225233918766 5.512747116340 0.000000000000
42 -19.562952014676 4.158233816355 0.000000000000
43 -19.805361374831 2.783462019201 0.000000000000
44 -19.951281005196 1.395129474883 0.000000000000
45 -20.000000000000 0.000000000000 0.000000000000
46 -19.951281005196 -1.395129474883 0.000000000000
47 -19.805361374831 -2.783462019201 0.000000000000
48 -19.562952014676 -4.158233816355 0.000000000000
49 -19.225233918766 -5.512747116340 0.000000000000
50 -18.793852415718 -6.840402866513 0.000000000000
51 -18.270909152852 -8.134732861516 0.000000000000
52 -17.658951857179 -9.389431255718 0.000000000000
53 -16.960961923129 -10.598385284664 0.000000000000
54 -16.180339887499 -11.755705045849 0.000000000000
55 -15.320888862380 -12.855752193731 0.000000000000
56 -14.386796006773 -13.893167409180 0.000000000000
57 -13.382612127177 -14.862896509548 0.000000000000
58 -12.313229506513 -15.760215072134 0.000000000000
59 -11.183858069415 -16.580751451101 0.000000000000
60 -10.000000000000 -17.320508075689 0.000000000000
61 -8.767422935782 -17.975880925983 0.000000000000
62 -7.492131868318 -18.543677091336 0.000000000000
63 -6.180339887499 -19.021130325903 0.000000000000
64 -4.838437911993 -19.405914525520 0.000000000000
65 -3.472963553339 -19.696155060244 0.000000000000
66 -2.090569265353 -19.890437907365 0.000000000000
67 -0.697989934050 -19.987816540382 0.000000000000
68 0.697989934050 -19.987816540382 0.000000000000
69 2.090569265353 -19.890437907365 0.000000000000
70 3.472963553339 -19.696155060244 0.000000000000
71 4.838437911993 -19.405914525520 0.000000000000
72 6.180339887499 -19.021130325903 0.000000000000
73 7.492131868318 -18.543677091336 0.000000000000
74 8.767422935782 -17.975880925983 0.000000000000
75 10.000000000000 -17.320508075689 0.000000000000
76 11.183858069415 -16.580751451101 0.000000000000
77 12.313229506513 -15.760215072134 0.000000000000
78 13.382612127177 -14.862896509548 0.000000000000
79 14.386796006773 -13.893167409180 0.000000000000
80 15.320888862380 -12.855752193731 0.000000000000
81 16.180339887499 -11.755705045849 0.000000000000
82 16.960961923129 -10.598385284664 0.000000000000
83 17.658951857179 -9.389431255718 0.000000000000
84 18.270909152852 -8.134732861516 0.000000000000
85 18.793852415718 -6.840402866513 0.000000000000
86 19.225233918766 -5.512747116340 0.000000000000
87 19.562952014676 -4.158233816355 0.000000000000
88 19.805361374831 -2.783462019201 0.000000000000
89 19.951281005196 -1.395129474883 0.000000000000
90 19.618033988750 0.000000000000 1.175570504585
91 19.570245443952 1.368484872848 1.175570504585
92 19.427112630546 2.730302624954 1.175570504585
93 19.189332877210 4.078818617121 1.175570504585
94 18.858064623001 5.407463014987 1.175570504585
95 18.434921773555 6.709762796600 1.175570504585
96 17.921965838301 7.979373288331 1.175570504585
97 17.321695886991 9.210109075485 1.175570504585
98 16.637036374491 10.395974137020 1.175570504585
99 15.871322893124 11.531191057560 1.175570504585
100 15.028285922001 12.610229174378 1.175570504585
101 14.112032652504 13.627831522234 1.175570504585
102 13.127026978461 14.579040444779 1.175570504585
103 12.078067748503 15.459221747757 1.175570504585
104 10.970265386557 16.264087276336 1.175570504585
105 9.809016994375 16.989715806564 1.175570504585
106 8.599980057395 17.632572149183 1.175570504585
107 7.349044882043 18.189524372711 1.175570504585
108 6.062305898749 18.657859061900 1.175570504585
109 4.746031970497 19.035294537221 1.175570504585
110 3.406635851554 19.319991970978 1.175570504585
111 2.050642945177 19.510564345891 1.175570504585
112 0.684659512500 19.606083212505 1.175570504585
113 -0.684659512500 19.606083212505 1.175570504585
114 -2.050642945177 19.510564345891 1.175570504585
115 -3.406635851554 19.319991970978 1.175570504585
116 -4.746031970497 19.035294537221 1.175570504585
117 -6.062305898749 18.657859061900 1.175570504585
118 -7.349044882043 18.189524372711 1.175570504585
119 -8.599980057395 17.632572149183 1.175570504585
120 -9.809016994375 16.989715806564 1.175570504585
121 -10.970265386557 16.264087276336 1.175570504585
122 -12.078067748503 15.459221747757 1.175570504585
123 -13.127026978461 14.579040444779 1.175570504585
124 -14.112032652504 13.627831522234 1.175570504585
125 -15.028285922001 12.610229174378 1.175570504585
126 -15.871322893124 11.531191057560 1.175570504585
127 -16.637036374491 10.395974137020 1.175570504585
128 -17.321695886991 9.210109075485 1.175570504585
129 -17.921965838301 7.979373288331 1.175570504585
130 -18.434921773555 6.709762796600 1.175570504585
131 -18.858064623001 5.407463014987 1.175570504585
132 -19.189332877210 4.078818617121 1.175570504585
133 -19.427112630546 2.730302624954 1.175570504585
134 -19.570245443952 1.368484872848 1.175570504585
135 -19.618033988750 0.000000000000 1.175570504585
136 -19.570245443952 -1.368484872848 1.175570504585
137 -19.427112630546 -2.730302624954 1.175570504585
138 -19.189332877210 -4.078818617121 1.175570504585
139 -18.858064623001 -5.407463014987 1.175570504585
140 -18.434921773555 -6.709762796600 1.175570504585
141 -17.921965838301 -7.979373288331 1.175570504585
142 -17.321695886991 -9.210109075485 1.175570504585
143 -16.637036374491 -10.395974137020 1.175570504585
144 -15.871322893124 -11.531191057560 1.175570504585
145 -15.028285922001 -12.610229174378 1.175570504585
146 -14.112032652504 -13.627831522234 1.175570504585
147 -13.127026978461 -14.579040444779 1.175570504585
148 -12.078067748503 -15.459221747757 1.175570504585
149 -10.970265386557 -16.264087276336 1.175570504585
150 -9.809016994375 -16.989715806564 1.175570504585
151 -8.599980057395 -17.632572149183 1.175570504585
152 -7.349044882043 -18.189524372711 1.175570504585
153 -6.062305898749 -18.657859061900 1.175570504585
154 -4.746031970497 -19.035294537221 1.175570504585
155 -3.406635851554 -19.319991970978 1.175570504585
156 -2.050642945177 -19.510564345891 1.175570504585
157 -0.684659512500 -19.606083212505 1.175570504585
158 0.684659512500 -19.606083212505 1.175570504585
159 2.050642945177 -19.510564345891 1.175570504585
160 3.406635851554 -19.319991970978 1.175570504585
161 4.746031970497 -19.035294537221 1.175570504585
162 6.062305898749 -18.657859061900 1.175570504585
163 7.349044882043 -18.189524372711 1.175570504585
164 8.599980057395 -17.632572149183 1.175570504585
165 9.809016994375 -16.989715806564 1.175570504585
166 10.970265386557 -16.264087276336 1.175570504585
167 12.078067748503 -15.459221747757 1.175570504585
168 13.127026978461 -14.579040444779 1.175570504585
169 14.112032652504 -13.627831522234 1.175570504585
170 15.028285922001 -12.610229174378 1.175570504585
171 15.871322893124 -11.531191057560 1.175570504585
172 16.637036374491 -10.395974137020 1.175570504585
173 17.321695886991 -9.210109075485 1.175570504585
174 17.921965838301 -7.979373288331 1.175570504585
175 18.434921773555 -6.709762796600 1.175570504585
176 18.858064623001 -5.407463014987 1.175570504585
177 19.189332877210 -4.078818617121 1.175570504585
178 19.427112630546 -2.730302624954 1.175570504585
179 19.570245443952 -1.368484872848 1.175570504585
180 18.618033988750 0.000000000000 1.902113032590
181 18.572681393692 1.298728399103 1.902113032590
182 18.436844561804 2.591129523994 1.902113032590
183 18.211185276476 3.870906926304 1.902113032590
184 17.896802927063 5.131825659170 1.902113032590
185 17.495229152770 6.367742653274 1.902113032590
186 17.008420380658 7.572636645255 1.902113032590
187 16.438748294132 8.740637512699 1.902113032590
188 15.788988278335 9.866054872787 1.902113032590
189 15.062305898749 10.943405805267 1.902113032590
190 14.262241478882 11.967441564691 1.902113032590
191 13.392692852166 12.933173151775 1.902113032590
192 12.457896372102 13.835895619302 1.902113032590
193 11.462406273177 14.671210994150 1.902113032590
194 10.411072483086 15.435049703780 1.902113032590
195 9.309016994375 16.123690402780 1.902113032590
196 8.161608910606 16.733778102884 1.902113032590
197 6.974438288627 17.262340518145 1.902113032590
198 5.753288904374 17.706802545605 1.902113032590
199 4.504110074897 18.064998810945 1.902113032590
200 3.232987673887 18.335184217966 1.902113032590
201 1.946114481909 18.516042450522 1.902113032590
202 0.649760015797 18.606692385486 1.902113032590
203 -0.649760015797 18.606692385486 1.902113032590
204 -1.946114481909 18.516042450522 1.902113032590
205 -3.232987673887 18.335184217966 1.902113032590
206 -4.504110074897 18.064998810945 1.902113032590
207 -5.753288904374 17.706802545605 1.902113032590
208 -6.974438288627 17.262340518145 1.902113032590
209 -8.161608910606 16.733778102884 1.902113032590
210 -9.309016994375 16.123690402780 1.902113032590
211 -10.411072483086 15.435049703780 1.902113032590
212 -11.462406273177 14.671210994150 1.902113032590
213 -12.457896372102 13.835895619302 1.902113032590
214 -13.392692852166 12.933173151775 1.902113032590
215 -14.262241478882 11.967441564691 1.902113032590
216 -15.062305898749 10.943405805267 1.902113032590
217 -15.788988278335 9.866054872787 1.902113032590
218 -16.438748294132 8.740637512699 1.902113032590
219 -17.008420380658 7.572636645255 1.902113032590
220 -17.495229152770 6.367742653274 1.902113032590
221 -17.896802927063 5.131825659170 1.902113032590
222 -18.211185276476 3.870906926304 1.902113032590
223 -18.436844561804 2.591129523994 1.902113032590
224 -18.572681393692 1.298728399103 1.902113032590
225 -18.618033988750 0.000000000000 1.902113032590
226 -18.572681393692 -1.298728399103 1.902113032590
227 -18.436844561804 -2.591129523994 1.902113032590
228 -18.211185276476 -3.870906926304 1.902113032590
229 -17.896802927063 -5.131825659170 1.902113032590
230 -17.495229152770 -6.367742653274 1.902113032590
231 -17.008420380658 -7.572636645255 1.902113032590
232 -16.438748294132 -8.740637512699 1.902113032590
233 -15.788988278335 -9.866054872787 1.902113032590
234 -15.062305898749 -10.943405805267 1.902113032590
235 -14.262241478882 -11.967441564691 1.902113032590
236 -13.392692852166 -12.933173151775 1.902113032590
237 -12.457896372102 -13.835895619302 1.902113032590
238 -11.462406273177 -14.671210994150 1.902113032590
239 -10.411072483086 -15.435049703780 1.902113032590
240 -9.309016994375 -16.123690402780 1.902113032590
241 -8.161608910606 -16.733778102884 1.902113032590
242 -6.974438288627 -17.262340518145 1.902113032590
243 -5.753288904374 -17.706802545605 1.902113032590
244 -4.504110074897 -18.064998810945 1.902113032590
245 -3.232987673887 -18.335184217966 1.902113032590
246 -1.946114481909 -18.516042450522 1.902113032590
247 -0.649760015797 -18.606692385486 1.902113032590
248 0.649760015797 -18.606692385486 1.902113032590
249 1.946114481909 -18.516042450522 1.902113032590
250 3.232987673887 -18.335184217966 1.902113032590
251 4.504110074897 -18.064998810945 1.902113032590
252 5.753288904374 -17.706802545605 1.902113032590
253 6.974438288627 -17.262340518145 1.902113032590
254 8.161608910606 -16.733778102884 1.902113032590
255 9.309016994375 -16.123690402780 1.902113032590
256 10.411072483086 -15.435049703780 1.902113032590
257 11.462406273177 -14.671210994150 1.902113032590
258 12.457896372102 -13.835895619302 1.902113032590
259 13.392692852166 -12.933173151775 1.902113032590
260 14.262241478882 -11.967441564691 1.902113032590
261 15.062305898749 -10.943405805267 1.902113032590
262 15.788988278335 -9.866054872787 1.902113032590
263 16.438748294132 -8.740637512699 1.902113032590
264 17.008420380658 -7.572636645255 1.902113032590
265 17.495229152770 -6.367742653274 1.902113032590
266 17.896802927063 -5.131825659170 1.902113032590
267 18.211185276476 -3.870906926304 1.902113032590
268 18.436844561804 -2.591129523994 1.902113032590
269 18.572681393692 -1.298728399103 1.902113032590
270 17.381966011250 0.000000000000 1.902113032590
271 17.339624415661 1.212504655685 1.902113032590
272 17.212805912892 2.419102110568 1.902113032590
273 17.002128349941 3.613913943136 1.902113032590
274 16.708618126716 4.791119150242 1.902113032590
275 16.333705195523 5.944982506450 1.902113032590
276 15.879216094476 7.069882505474 1.902113032590
277 15.347365048789 8.160338747593 1.902113032590
278 14.740743183296 9.211038639608 1.902113032590
279 14.062305898749 10.216863277262 1.902113032590
280 13.315358473401 11.172912384024 1.902113032590
281 12.503539960026 12.074528184749 1.902113032590
282 11.630805456817 12.917318097884 1.902113032590
283 10.701406838547 13.697176135692 1.902113032590
284 9.719872041861 14.410302908201 1.902113032590
285 8.690983005625 15.053224133460 1.902113032590
286 7.619752373800 15.622807563886 1.902113032590
287 6.511399074346 16.116278246260 1.902113032590
288 5.371322893124 16.531232041020 1.902113032590
289 4.205078166691 16.865647334991 1.902113032590
290 3.018346722122 17.117894890474 1.902113032590
291 1.816910195727 17.286745782735 1.902113032590
292 0.606621865493 17.371377387201 1.902113032590
293 -0.606621865493 17.371377387201 1.902113032590
294 -1.816910195727 17.286745782735 1.902113032590
295 -3.018346722122 17.117894890474 1.902113032590
296 -4.205078166691 16.865647334991 1.902113032590
297 -5.371322893124 16.531232041020 1.902113032590
298 -6.511399074346 16.116278246260 1.902113032590
299 -7.619752373800 15.622807563886 1.902113032590
300 -8.690983005625 15.053224133460 1.902113032590
301 -9.719872041861 14.410302908201 1.902113032590
302 -10.701406838547 13.697176135692 1.902113032590
303 -11.630805456817 12.917318097884 1.902113032590
304 -12.503539960026 12.074528184749 1.902113032590
305 -13.315358473401 11.172912384024 1.902113032590
306 -14.062305898749 10.216863277262 1.902113032590
307 -14.740743183296 9.211038639608 1.902113032590
308 -15.347365048789 8.160338747593 1.902113032590
309 -15.879216094476 7.069882505474 1.902113032590
310 -16.333705195523 5.944982506450 1.902113032590
311 -16.708618126716 4.791119150242 1.902113032590
312 -17.002128349941 3.613913943136 1.902113032590
313 -17.212805912892 2.419102110568 1.902113032590
314 -17.339624415661 1.212504655685 1.902113032590
315 -17.381966011250 0.000000000000 1.902113032590
316 -17.339624415661 -1.212504655685 1.902113032590
317 -17.212805912892 -2.419102110568 1.902113032590
318 -17.002128349941 -3.613913943136 1.902113032590
319 -16.708618126716 -4.791119150242 1.902113032590
320 -16.333705195523 -5.944982506450 1.902113032590
321 -15.879216094476 -7.069882505474 1.902113032590
322 -15.347365048789 -8.160338747593 1.902113032590
323 -14.740743183296 -9.211038639608 1.902113032590
324 -14.062305898749 -10.216863277262 1.902113032590
325 -13.315358473401 -11.172912384024 1.902113032590
326 -12.503539960026 -12.074528184749 1.902113032590
327 -11.630805456817 -12.917318097884 1.902113032590
328 -10.701406838547 -13.697176135692 1.902113032590
329 -9.719872041861 -14.410302908201 1.902113032590
330 -8.690983005625 -15.053224133460 1.902113032590
331 -7.619752373800 -15.622807563886 1.902113032590
332 -6.511399074346 -16.116278246260 1.902113032590
333 -5.371322893124 -16.531232041020 1.902113032590
334 -4.205078166691 -16.865647334991 1.902113032590
335 -3.018346722122 -17.117894890474 1.902113032590
336 -1.816910195727 -17.286745782735 1.902113032590
337 -0.606621865493 -17.371377387201 1.902113032590
338 0.606621865493 -17.371377387201 1.902113032590
339 1.816910195727 -17.286745782735 1.902113032590
340 3.018346722122 -17.117894890474 1.902113032590
341 4.205078166691 -16.865647334991 1.902113032590
342 5.371322893124 -16.531232041020 1.902113032590
343 6.511399074346 -16.116278246260 1.902113032590
344 7.619752373800 -15.622807563886 1.902113032590
345 8.690983005625 -15.053224133460 1.902113032590
346 9.719872041861 -14.410302908201 1.902113032590
347 10.701406838547 -13.697176135692 1.902113032590
348 11.630805456817 -12.917318097884 1.902113032590
349 12.503539960026 -12.074528184749 1.902113032590
350 13.315358473401 -11.172912384024 1.902113032590
351 14.062305898749 -10.216863277262 1.902113032590
352 14.740743183296 -9.211038639608 1.902113032590
353 15.347365048789 -8.160338747593 1.902113032590
354 15.879216094476 -7.069882505474 1.902113032590
355 16.333705195523 -5.944982506450 1.902113032590
356 16.708618126716 -4.791119150242 1.902113032590
357 17.002128349941 -3.613913943136 1.902113032590
358 17.212805912892 -2.419102110568 1.902113032590
359 17.339624415661 -1.212504655685 1.902113032590
360 16.381966011250 0.000000000000 1.175570504585
361 16.342060365401 1.142748181941 1.175570504585
362 16.222537844151 2.279929009608 1.175570504585
363 16.023980749207 3.406002252318 1.175570504585
364 15.747356430778 4.515481794425 1.175570504585
365 15.394012574737 5.602962363124 1.175570504585
366 14.965670636833 6.663145862398 1.175570504585
367 14.464417455930 7.690867184807 1.175570504585
368 13.892695087140 8.681119375375 1.175570504585
369 13.253288904374 9.629078024969 1.175570504585
370 12.549314030282 10.530124774338 1.175570504585
371 11.784200159687 11.379869814290 1.175570504585
372 10.961674850458 12.174173272407 1.175570504585
373 10.085745363221 12.909165382085 1.175570504585
374 9.160679138390 13.581265335646 1.175570504585
375 8.190983005625 14.187198729676 1.175570504585
376 7.181381227011 14.724013517587 1.175570504585
377 6.136792480930 15.189094391693 1.175570504585
378 5.062305898749 15.580175524725 1.175570504585
379 3.963156271091 15.895351608715 1.175570504585
380 2.844698544455 16.133087137462 1.175570504585
381 1.712381732459 16.292223887367 1.175570504585
382 0.571722368790 16.371986560182 1.175570504585
383 -0.571722368790 16.371986560182 1.175570504585
384 -1.712381732459 16.292223887367 1.175570504585
385 -2.844698544455 16.133087137462 1.175570504585
386 -3.963156271091 15.895351608715 1.175570504585
387 -5.062305898749 15.580175524725 1.175570504585
388 -6.136792480930 15.189094391693 1.175570504585
389 -7.181381227011 14.724013517587 1.175570504585
390 -8.190983005625 14.187198729676 1.175570504585
391 -9.160679138390 13.581265335646 1.175570504585
392 -10.085745363221 12.909165382085 1.175570504585
393 -10.961674850458 12.174173272407 1.175570504585
394 -11.784200159687 11.379869814290 1.175570504585
395 -12.549314030282 10.530124774338 1.175570504585
396 -13.253288904374 9.629078024969 1.175570504585
397 -13.892695087140 8.681119375375 1.175570504585
398 -14.464417455930 7.690867184807 1.175570504585
399 -14.965670636833 6.663145862398 1.175570504585
400 -15.394012574737 5.602962363124 1.175570504585
401 -15.747356430778 4.515481794425 1.175570504585
402 -16.023980749207 3.406002252318 1.175570504585
403 -16.222537844151 2.279929009608 1.175570504585
404 -16.342060365401 1.142748181941 1.175570504585
405 -16.381966011250 0.000000000000 1.175570504585
406 -16.342060365401 -1.142748181941 1.175570504585
407 -16.222537844151 -2.279929009608 1.175570504585
408 -16.023980749207 -3.406002252318 1.175570504585
409 -15.747356430778 -4.515481794425 1.175570504585
410 -15.394012574737 -5.602962363124 1.175570504585
411 -14.965670636833 -6.663145862398 1.175570504585
412 -14.464417455930 -7.690867184807 1.175570504585
413 -13.892695087140 -8.681119375375 1.175570504585
414 -13.253288904374 -9.629078024969 1.175570504585
415 -12.549314030282 -10.530124774338 1.175570504585
416 -11.784200159687 -11.379869814290 1.175570504585
417 -10.961674850458 -12.174173272407 1.175570504585
418 -10.085745363221 -12.909165382085 1.175570504585
419 -9.160679138390 -13.581265335646 1.175570504585
420 -8.190983005625 -14.187198729676 1.175570504585
421 -7.181381227011 -14.724013517587 1.175570504585
422 -6.136792480930 -15.189094391693 1.175570504585
423 -5.062305898749 -15.580175524725 1.175570504585
424 -3.963156271091 -15.895351608715 1.175570504585
425 -2.844698544455 -16.133087137462 1.175570504585
426 -1.712381732459 -16.292223887367 1.175570504585
427 -0.571722368790 -16.371986560182 1.175570504585
428 0.571722368790 -16.371986560182 1.175570504585
429 1.712381732459 -16.292223887367 1.175570504585
430 2.844698544455 -16.133087137462 1.175570504585
431 3.963156271091 -15.895351608715 1.175570504585
432 5.062305898749 -15.580175524725 1.175570504585
433 6.136792480930 -15.189094391693 1.175570504585
434 7.181381227011 -14.724013517587 1.175570504585
435 8.190983005625 -14.187198729676 1.175570504585
436 9.160679138390 -13.581265335646 1.175570504585
437 10.085745363221 -12.909165382085 1.175570504585
438 10.961674850458 -12.174173272407 1.175570504585
439 11.784200159687 -11.379869814290 1.175570504585
440 12.549314030282 -10.530124774338 1.175570504585
441 13.253288904374 -9.629078024969 1.175570504585
442 13.892695087140 -8.681119375375 1.175570504585
443 14.464417455930 -7.690867184807 1.175570504585
444 14.965670636833 -6.663145862398 1.175570504585
445 15.394012574737 -5.602962363124 1.175570504585
446 15.747356430778 -4.515481794425 1.175570504585
447 16.023980749207 -3.406002252318 1.175570504585
448 16.222537844151 -2.279929009608 1.175570504585
449 16.342060365401 -1.142748181941 1.175570504585
450 16.000000000000 0.000000000000 0.000000000000
451 15.961024804157 1.116103579906 0.000000000000
452 15.844289099865 2.226769615361 0.000000000000
453 15.650361611741 3.326587053084 0.000000000000
454 15.380187135013 4.410197693072 0.000000000000
455 15.035081932575 5.472322293211 0.000000000000
456 14.616727322282 6.507786289213 0.000000000000
457 14.127161485743 7.511545004574 0.000000000000
458 13.568769538503 8.478708227731 0.000000000000
459 12.944271909999 9.404564036680 0.000000000000
460 12.256711089904 10.284601754985 0.000000000000
461 11.509436805418 11.114533927344 0.000000000000
462 10.706089701742 11.890317207638 0.000000000000
463 9.850583605211 12.608172057708 0.000000000000
464 8.947086455532 13.264601160881 0.000000000000
465 8.000000000000 13.856406460551 0.000000000000
466 7.013938348625 14.380704740787 0.000000000000
467 5.993705494655 14.834941673069 0.000000000000
468 4.944271909999 15.216904260722 0.000000000000
469 3.870750329595 15.524731620416 0.000000000000
470 2.778370842671 15.756924048195 0.000000000000
471 1.672455412282 15.912350325892 0.000000000000
472 0.558391947240 15.990253232306 0.000000000000
473 -0.558391947240 15.990253232306 0.000000000000
474 -1.672455412282 15.912350325892 0.000000000000
475 -2.778370842671 15.756924048195 0.000000000000
476 -3.870750329595 15.524731620416 0.000000000000
477 -4.944271909999 15.216904260722 0.000000000000
478 -5.993705494655 14.834941673069 0.000000000000
479 -7.013938348625 14.380704740787 0.000000000000
480 -8.000000000000 13.856406460551 0.000000000000
481 -8.947086455532 13.264601160881 0.000000000000
482 -9.850583605211 12.608172057708 0.000000000000
483 -10.706089701742 11.890317207638 0.000000000000
484 -11.509436805418 11.114533927344 0.000000000000
485 -12.256711089904 10.284601754985 0.000000000000
486 -12.944271909999 9.404564036680 0.000000000000
487 -13.568769538503 8.478708227731 0.000000000000
488 -14.127161485743 7.511545004574 0.000000000000
489 -14.616727322282 6.507786289213 0.000000000000
490 -15.035081932575 5.472322293211 0.000000000000
491 -15.380187135013 4.410197693072 0.000000000000
492 -15.650361611741 3.326587053084 0.000000000000
493 -15.844289099865 2.226769615361 0.000000000000
494 -15.961024804157 1.116103579906 0.000000000000
495 -16.000000000000 0.000000000000 0.000000000000
496 -15.961024804157 -1.116103579906 0.000000000000
497 -15.844289099865 -2.226769615361 0.000000000000
498 -15.650361611741 -3.326587053084 0.000000000000
499 -15.380187135013 -4.410197693072 0.000000000000
500 -15.035081932575 -5.472322293211 0.000000000000
501 -14.616727322282 -6.507786289213 0.000000000000
502 -14.127161485743 -7.511545004574 0.000000000000
503 -13.568769538503 -8.478708227731 0.000000000000
504 -12.944271909999 -9.404564036680 0.000000000000
505 -12.256711089904 -10.284601754985 0.000000000000
506 -11.509436805418 -11.114533927344 0.000000000000
507 -10.706089701742 -11.890317207638 0.000000000000
508 -9.850583605211 -12.608172057708 0.000000000000
509 -8.947086455532 -13.264601160881 0.000000000000
510 -8.000000000000 -13.856406460551 0.000000000000
511 -7.013938348625 -14.380704740787 0.000000000000
512 -5.993705494655 -14.834941673069 0.000000000000
513 -4.944271909999 -15.216904260722 0.000000000000
514 -3.870750329595 -15.524731620416 0.000000000000
515 -2.778370842671 -15.756924048195 0.000000000000
516 -1.672455412282 -15.912350325892 0.000000000000
517 -0.558391947240 -15.990253232306 0.000000000000
518 0.558391947240 -15.990253232306 0.000000000000
519 1.672455412282 -15.912350325892 0.000000000000
520 2.778370842671 -15.756924048195 0.000000000000
521 3.870750329595 -15.524731620416 0.000000000000
522 4.944271909999 -15.216904260722 0.000000000000
523 5.993705494655 -14.834941673069 0.000000000000
524 7.013938348625 -14.380704740787 0.000000000000
525 8.000000000000 -13.856406460551 0.000000000000
526 8.947086455532 -13.264601160881 0.000000000000
527 9.850583605211 -12.608172057708 0.000000000000
528 10.706089701742 -11.890317207638 0.000000000000
529 11.509436805418 -11.114533927344 0.000000000000
530 12.256711089904 -10.284601754985 0.000000000000
531 12.944271909999 -9.404564036680 0.000000000000
532 13.568769538503 -8.478708227731 0.000000000000
533 14.127161485743 -7.511545004574 0.000000000000
534 14.616727322282 -6.507786289213 0.000000000000
535 15.035081932575 -5.472322293211 0.000000000000
536 15.380187135013 -4.410197693072 0.000000000000
537 15.650361611741 -3.326587053084 0.000000000000
538 15.844289099865 -2.226769615361 0.000000000000
539 15.961024804157 -1.116103579906 0.000000000000
540 16.381966011250 0.000000000000 -1.175570504585
541 16.342060365401 1.142748181941 -1.175570504585
542 16.222537844151 2.279929009608 -1.175570504585
543 16.023980749207 3.406002252318 -1.175570504585
544 15.747356430778 4.515481794425 -1.175570504585
545 15.394012574737 5.602962363124 -1.175570504585
546 14.965670636833 6.663145862398 -1.175570504585
547 14.464417455930 7.690867184807 -1.175570504585
548 13.892695087140 8.681119375375 -1.175570504585
549 13.253288904374 9.629078024969 -1.175570504585
550 12.549314030282 10.530124774338 -1.175570504585
551 11.784200159687 11.379869814290 -1.175570504585
552 10.961674850458 12.174173272407 -1.175570504585
553 10.085745363221 12.909165382085 -1.175570504585
554 9.160679138390 13.581265335646 -1.175570504585
555 8.190983005625 14.187198729676 -1.175570504585
556 7.181381227011 14.724013517587 -1.175570504585
557 6.136792480930 15.189094391693 -1.175570504585
558 5.062305898749 15.580175524725 -1.175570504585
559 3.963156271091 15.895351608715 -1.175570504585
560 2.844698544455 16.133087137462 -1.175570504585
561 1.712381732459 16.292223887367 -1.175570504585
562 0.571722368790 16.371986560182 -1.175570504585
563 -0.571722368790 16.371986560182 -1.175570504585
564 -1.712381732459 16.292223887367 -1.175570504585
565 -2.844698544455 16.133087137462 -1.175570504585
566 -3.963156271091 15.895351608715 -1.175570504585
567 -5.062305898749 15.580175524725 -1.175570504585
568 -6.136792480930 15.189094391693 -1.175570504585
569 -7.181381227011 14.724013517587 -1.175570504585
570 -8.190983005625 14.187198729676 -1.175570504585
571 -9.160679138390 13.581265335646 -1.175570504585
572 -10.085745363221 12.909165382085 -1.175570504585
573 -10.961674850458 12.174173272407 -1.175570504585
574 -11.784200159687 11.379869814290 -1.175570504585
575 -12.549314030282 10.530124774338 -1.175570504585
576 -13.253288904374 9.629078024969 -1.175570504585
577 -13.892695087140 8.681119375375 -1.175570504585
578 -14.464417455930 7.690867184807 -1.175570504585
579 -14.965670636833 6.663145862398 -1.175570504585
580 -15.394012574737 5.602962363124 -1.175570504585
581 -15.747356430778 4.515481794425 -1.175570504585
582 -16.023980749207 3.406002252318 -1.175570504585
583 -16.222537844151 2.279929009608 -1.175570504585
584 -16.342060365401 1.142748181941 -1.175570504585
585 -16.381966011250 0.000000000000 -1.175570504585
586 -16.342060365401 -1.142748181941 -1.175570504585
587 -16.222537844151 -2.279929009608 -1.175570504585
588 -16.023980749207 -3.406002252318 -1.175570504585
589 -15.747356430778 -4.515481794425 -1.175570504585
590 -15.394012574737 -5.602962363124 -1.175570504585
591 -14.965670636833 -6.663145862398 -1.175570504585
592 -14.464417455930 -7.690867184807 -1.175570504585
593 -13.892695087140 -8.681119375375 -1.175570504585
594 -13.253288904374 -9.629078024969 -1.175570504585
595 -12.549314030282 -10.530124774338 -1.175570504585
596 -11.784200159687 -11.379869814290 -1.175570504585
597 -10.961674850458 -12.174173272407 -1.175570504585
598 -10.085745363221 -12.909165382085 -1.175570504585
599 -9.160679138390 -13.581265335646 -1.175570504585
600 -8.190983005625 -14.187198729676 -1.175570504585
601 -7.181381227011 -14.724013517587 -1.175570504585
602 -6.136792480930 -15.189094391693 -1.175570504585
603 -5.062305898749 -15.580175524725 -1.175570504585
604 -3.963156271091 -15.895351608715 -1.175570504585
605 -2.844698544455 -16.133087137462 -1.175570504585
606 -1.712381732459 -16.292223887367 -1.175570504585
607 -0.571722368790 -16.371986560182 -1.175570504585
608 0.571722368790 -16.371986560182 -1.175570504585
609 1.712381732459 -16.292223887367 -1.175570504585
610 2.844698544455 -16.133087137462 -1.175570504585
611 3.963156271091 -15.895351608715 -1.175570504585
612 5.062305898749 -15.580175524725 -1.175570504585
613 6.136792480930 -15.189094391693 -1.175570504585
614 7.181381227011 -14.724013517587 -1.175570504585
615 8.190983005625 -14.187198729676 -1.175570504585
616 9.160679138390 -13.581265335646 -1.175570504585
617 10.085745363221 -12.909165382085 -1.175570504585
618 10.961674850458 -12.174173272407 -1.175570504585
619 11.784200159687 -11.379869814290 -1.175570504585
620 12.549314030282 -10.530124774338 -1.175570504585
621 13.253288904374 -9.629078024969 -1.175570504585
622 13.892695087140 -8.681119375375 -1.175570504585
623 14.464417455930 -7.690867184807 -1.175570504585
624 14.965670636833 -6.663145862398 -1.175570504585
625 15.394012574737 -5.602962363124 -1.175570504585
626 15.747356430778 -4.515481794425 -1.175570504585
627 16.023980749207 -3.406002252318 -1.175570504585
628 16.222537844151 -2.279929009608 -1.175570504585
629 16.342060365401 -1.142748181941 -1.175570504585
630 17.381966011250 0.000000000000 -1.902113032590
631 17.339624415661 1.212504655685 -1.902113032590
632 17.212805912892 2.419102110568 -1.902113032590
633 17.002128349941 3.613913943136 -1.902113032590
634 16.708618126716 4.791119150242 -1.902113032590
635 16.333705195523 5.944982506450 -1.902113032590
636 15.879216094476 7.069882505474 -1.902113032590
637 15.347365048789 8.160338747593 -1.902113032590
638 14.740743183296 9.211038639608 -1.902113032590
639 14.062305898749 10.216863277262 -1.902113032590
640 13.315358473401 11.172912384024 -1.902113032590
641 12.503539960026 12.074528184749 -1.902113032590
642 11.630805456817 12.917318097884 -1.902113032590
643 10.701406838547 13.697176135692 -1.902113032590
644 9.719872041861 14.410302908201 -1.902113032590
645 8.690983005625 15.053224133460 -1.902113032590
646 7.619752373800 15.622807563886 -1.902113032590
647 6.511399074346 16.116278246260 -1.902113032590
648 5.371322893124 16.531232041020 -1.902113032590
649 4.205078166691 16.865647334991 -1.902113032590
650 3.018346722122 17.117894890474 -1.902113032590
651 1.816910195727 17.286745782735 -1.902113032590
652 0.606621865493 17.371377387201 -1.902113032590
653 -0.606621865493 17.371377387201 -1.902113032590
654 -1.816910195727 17.286745782735 -1.902113032590
655 -3.018346722122 17.117894890474 -1.902113032590
656 -4.205078166691 16.865647334991 -1.902113032590
657 -5.371322893124 16.531232041020 -1.902113032590
658 -6.511399074346 16.116278246260 -1.902113032590
659 -7.619752373800 15.622807563886 -1.902113032590
660 -8.690983005625 15.053224133460 -1.902113032590
661 -9.719872041861 14.410302908201 -1.902113032590
662 -10.701406838547 13.697176135692 -1.902113032590
663 -11.630805456817 12.917318097884 -1.902113032590
664 -12.503539960026 12.074528184749 -1.902113032590
665 -13.315358473401 11.172912384024 -1.902113032590
666 -14.062305898749 10.216863277262 -1.902113032590
667 -14.740743183296 9.211038639608 -1.902113032590
668 -15.347365048789 8.160338747593 -1.902113032590
669 -15.879216094476 7.069882505474 -1.902113032590
670 -16.333705195523 5.944982506450 -1.902113032590
671 -16.708618126716 4.791119150242 -1.902113032590
672 -17.002128349941 3.613913943136 -1.902113032590
673 -17.212805912892 2.419102110568 -1.902113032590
674 -17.339624415661 1.212504655685 -1.902113032590
675 -17.381966011250 0.000000000000 -1.902113032590
676 -17.339624415661 -1.212504655685 -1.902113032590
677 -17.212805912892 -2.419102110568 -1.902113032590
678 -17.002128349941 -3.613913943136 -1.902113032590
679 -16.708618126716 -4.791119150242 -1.902113032590
680 -16.333705195523 -5.944982506450 -1.902113032590
681 -15.879216094476 -7.069882505474 -1.902113032590
682 -15.347365048789 -8.160338747593 -1.902113032590
683 -14.740743183296 -9.211038639608 -1.902113032590
684 -14.062305898749 -10.216863277262 -1.902113032590
685 -13.315358473401 -11.172912384024 -1.902113032590
686 -12.503539960026 -12.074528184749 -1.902113032590
687 -11.630805456817 -12.917318097884 -1.902113032590
688 -10.701406838547 -13.697176135692 -1.902113032590
689 -9.719872041861 -14.410302908201 -1.902113032590
690 -8.690983005625 -15.053224133460 -1.902113032590
691 -7.619752373800 -15.622807563886 -1.902113032590
692 -6.511399074346 -16.116278246260 -1.902113032590
693 -5.371322893124 -16.531232041020 -1.902113032590
694 -4.205078166691 -16.865647334991 -1.902113032590
695 -3.018346722122 -17.117894890474 -1.902113032590
696 -1.816910195727 -17.286745782735 -1.902113032590
697 -0.606621865493 -17.371377387201 -1.902113032590
698 0.606621865493 -17.371377387201 -1.902113032590
699 1.816910195727 -17.286745782735 -1.902113032590
700 3.018346722122 -17.117894890474 -1.902113032590
701 4.205078166691 -16.865647334991 -1.902113032590
702 5.371322893124 -16.531232041020 -1.902113032590
703 6.511399074346 -16.116278246260 -1.902113032590
704 7.619752373800 -15.622807563886 -1.902113032590
705 8.690983005625 -15.053224133460 -1.902113032590
706 9.719872041861 -14.410302908201 -1.902113032590
707 10.701406838547 -13.697176135692 -1.902113032590
708 11.630805456817 -12.917318097884 -1.902113032590
709 12.503539960026 -12.074528184749 -1.902113032590
710 13.315358473401 -11.172912384024 -1.902113032590
711 14.062305898749 -10.216863277262 -1.902113032590
712 14.740743183296 -9.211038639608 -1.902113032590
713 15.347365048789 -8.160338747593 -1.902113032590
714 15.879216094476 -7.069882505474 -1.902113032590
715 16.333705195523 -5.944982506450 -1.902113032590
716 16.708618126716 -4.791119150242 -1.902113032590
717 17.002128349941 -3.613913943136 -1.902113032590
718 17.212805912892 -2.419102110568 -1.902113032590
719 17.339624415661 -1.212504655685 -1.902113032590
720 18.618033988750 0.000000000000 -1.902113032590
721 18.572681393692 1.298728399103 -1.902113032590
722 18.436844561804 2.591129523994 -1.902113032590
723 18.211185276476 3.870906926304 -1.902113032590
724 17.896802927063 5.131825659170 -1.902113032590
725 17.495229152770 6.367742653274 -1.902113032590
726 17.008420380658 7.572636645255 -1.902113032590
727 16.438748294132 8.740637512699 -1.902113032590
728 15.788988278335 9.866054872787 -1.902113032590
729 15.062305898749 10.943405805267 -1.902113032590
730 14.262241478882 11.967441564691 -1.902113032590
731 13.392692852166 12.933173151775 -1.902113032590
732 12.457896372102 13.835895619302 -1.902113032590
733 11.462406273177 14.671210994150 -1.902113032590
734 10.411072483086 15.435049703780 -1.902113032590
735 9.309016994375 16.123690402780 -1.902113032590
736 8.161608910606 16.733778102884 -1.902113032590
737 6.974438288627 17.262340518145 -1.902113032590
738 5.753288904374 17.706802545605 -1.902113032590
739 4.504110074897 18.064998810945 -1.902113032590
740 3.232987673887 18.335184217966 -1.902113032590
741 1.946114481909 18.516042450522 -1.902113032590
742 0.649760015797 18.606692385486 -1.902113032590
743 -0.649760015797 18.606692385486 -1.902113032590
744 -1.946114481909 18.516042450522 -1.902113032590
745 -3.232987673887 18.335184217966 -1.902113032590
746 -4.504110074897 18.064998810945 -1.902113032590
747 -5.753288904374 17.706802545605 -1.902113032590
748 -6.974438288627 17.262340518145 -1.902113032590
749 -8.161608910606 16.733778102884 -1.902113032590
750 -9.309016994375 16.123690402780 -1.902113032590
751 -10.411072483086 15.435049703780 -1.902113032590
752 -11.462406273177 14.671210994150 -1.902113032590
753 -12.457896372102 13.835895619302 -1.902113032590
754 -13.392692852166 12.933173151775 -1.902113032590
755 -14.262241478882 11.967441564691 -1.902113032590
756 -15.062305898749 10.943405805267 -1.902113032590
757 -15.788988278335 9.866054872787 -1.902113032590
758 -16.438748294132 8.740637512699 -1.902113032590
759 -17.008420380658 7.572636645255 -1.902113032590
760 -17.495229152770 6.367742653274 -1.902113032590
761 -17.896802927063 5.131825659170 -1.902113032590
762 -18.211185276476 3.870906926304 -1.902113032590
763 -18.436844561804 2.591129523994 -1.902113032590
764 -18.572681393692 1.298728399103 -1.902113032590
765 -18.618033988750 0.000000000000 -1.902113032590
766 -18.572681393692 -1.298728399103 -1.902113032590
767 -18.436844561804 -2.591129523994 -1.902113032590
768 -18.211185276476 -3.870906926304 -1.902113032590
769 -17.896802927063 -5.131825659170 -1.902113032590
770 -17.495229152770 -6.367742653274 -1.902113032590
771 -17.008420380658 -7.572636645255 -1.902113032590
772 -16.438748294132 -8.740637512699 -1.902113032590
773 -15.788988278335 -9.866054872787 -1.902113032590
774 -15.062305898749 -10.943405805267 -1.902113032590
775 -14.262241478882 -11.967441564691 -1.902113032590
776 -13.392692852166 -12.933173151775 -1.902113032590
777 -12.457896372102 -13.835895619302 -1.902113032590
778 -11.462406273177 -14.671210994150 -1.902113032590
779 -10.411072483086 -15.435049703780 -1.902113032590
780 -9.309016994375 -16.123690402780 -1.902113032590
781 -8.161608910606 -16.733778102884 -1.902113032590
782 -6.974438288627 -17.262340518145 -1.902113032590
783 -5.753288904374 -17.706802545605 -1.902113032590
784 -4.504110074897 -18.064998810945 -1.902113032590
785 -3.232987673887 -18.335184217966 -1.902113032590
786 -1.946114481909 -18.516042450522 -1.902113032590
787 -0.649760015797 -18.606692385486 -1.902113032590
788 0.649760015797 -18.606692385486 -1.902113032590
789 1.946114481909 -18.516042450522 -1.902113032590
790 3.232987673887 -18.335184217966 -1.902113032590
791 4.504110074897 -18.064998810945 -1.902113032590
792 5.753288904374 -17.706802545605 -1.902113032590
793 6.974438288627 -17.262340518145 -1.902113032590
794 8.161608910606 -16.733778102884 -1.902113032590
795 9.309016994375 -16.123690402780 -1.902113032590
796 10.411072483086 -15.435049703780 -1.902113032590
797 11.462406273177 -14.671210994150 -1.902113032590
798 12.457896372102 -13.835895619302 -1.902113032590
799 13.392692852166 -12.933173151775 -1.902113032590
800 14.262241478882 -11.967441564691 -1.902113032590
801 15.062305898749 -10.943405805267 -1.902113032590
802 15.788988278335 -9.866054872787 -1.902113032590
803 16.438748294132 -8.740637512699 -1.902113032590
804 17.008420380658 -7.572636645255 -1.902113032590
805 17.495229152770 -6.367742653274 -1.902113032590
806 17.896802927063 -5.131825659170 -1.902113032590
807 18.211185276476 -3.870906926304 -1.902113032590
808 18.436844561804 -2.591129523994 -1.902113032590
809 18.572681393692 -1.298728399103 -1.902113032590
810 19.618033988750 0.000000000000 -1.175570504585
811 19.570245443952 1.368484872848 -1.175570504585
812 19.427112630546 2.730302624954 -1.175570504585
813 19.189332877210 4.078818617121 -1.175570504585
814 18.858064623001 5.407463014987 -1.175570504585
815 18.434921773555 6.709762796600 -1.175570504585
816 17.921965838301 7.979373288331 -1.175570504585
817 17.321695886991 9.210109075485 -1.175570504585
818 16.637036374491 10.395974137020 -1.175570504585
819 15.871322893124 11.531191057560 -1.175570504585
820 15.028285922001 12.610229174378 -1.175570504585
821 14.112032652504 13.627831522234 -1.175570504585
822 13.127026978461 14.579040444779 -1.175570504585
823 12.078067748503 15.459221747757 -1.175570504585
824 10.970265386557 16.264087276336 -1.175570504585
825 9.809016994375 16.989715806564 -1.175570504585
826 8.599980057395 17.632572149183 -1.175570504585
827 7.349044882043 18.189524372711 -1.175570504585
828 6.062305898749 18.657859061900 -1.175570504585
829 4.746031970497 19.035294537221 -1.175570504585
830 3.406635851554 19.319991970978 -1.175570504585
831 2.050642945177 19.510564345891 -1.175570504585
832 0.684659512500 19.606083212505 -1.175570504585
833 -0.684659512500 19.606083212505 -1.175570504585
834 -2.050642945177 19.510564345891 -1.175570504585
835 -3.406635851554 19.319991970978 -1.175570504585
836 -4.746031970497 19.035294537221 -1.175570504585
837 -6.062305898749 18.657859061900 -1.175570504585
838 -7.349044882043 18.189524372711 -1.175570504585
839 -8.599980057395 17.632572149183 -1.175570504585
840 -9.809016994375 16.989715806564 -1.175570504585
841 -10.970265386557 16.264087276336 -1.175570504585
842 -12.078067748503 15.459221747757 -1.175570504585
843 -13.127026978461 14.579040444779 -1.175570504585
844 -14.112032652504 13.627831522234 -1.175570504585
845 -15.028285922001 12.610229174378 -1.175570504585
846 -15.871322893124 11.531191057560 -1.175570504585
847 -16.637036374491 10.395974137020 -1.175570504585
848 -17.321695886991 9.210109075485 -1.175570504585
849 -17.921965838301 7.979373288331 -1.175570504585
850 -18.434921773555 6.709762796600 -1.175570504585
851 -18.858064623001 5.407463014987 -1.175570504585
852 -19.189332877210 4.078818617121 -1.175570504585
853 -19.427112630546 2.730302624954 -1.175570504585
854 -19.570245443952 1.368484872848 -1.175570504585
855 -19.618033988750 0.000000000000 -1.175570504585
856 -19.570245443952 -1.368484872848 -1.175570504585
857 -19.427112630546 -2.730302624954 -1.175570504585
858 -19.189332877210 -4.078818617121 -1.175570504585
859 -18.858064623001 -5.407463014987 -1.175570504585
860 -18.434921773555 -6.709762796600 -1.175570504585
861 -17.921965838301 -7.979373288331 -1.175570504585
862 -17.321695886991 -9.210109075485 -1.175570504585
863 -16.637036374491 -10.395974137020 -1.175570504585
864 -15.871322893124 -11.531191057560 -1.175570504585
865 -15.028285922001 -12.610229174378 -1.175570504585
866 -14.112032652504 -13.627831522234 -1.175570504585
867 -13.127026978461 -14.579040444779 -1.175570504585
868 -12.078067748503 -15.459221747757 -1.175570504585
869 -10.970265386557 -16.264087276336 -1.175570504585
870 -9.809016994375 -16.989715806564 -1.175570504585
871 -8.599980057395 -17.632572149183 -1.175570504585
872 -7.349044882043 -18.189524372711 -1.175570504585
873 -6.062305898749 -18.657859061900 -1.175570504585
874 -4.746031970497 -19.035294537221 -1.175570504585
875 -3.406635851554 -19.319991970978 -1.175570504585
876 -2.050642945177 -19.510564345891 -1.175570504585
877 -0.684659512500 -19.606083212505 -1.175570504585
878 0.684659512500 -19.606083212505 -1.175570504585
879 2.050642945177 -19.510564345891 -1.175570504585
880 3.406635851554 -19.319991970978 -1.175570504585
881 4.746031970497 -19.035294537221 -1.175570504585
882 6.062305898749 -18.657859061900 -1.175570504585
883 7.349044882043 -18.189524372711 -1.175570504585
884 8.599980057395 -17.632572149183 -1.175570504585
885 9.809016994375 -16.989715806564 -1.175570504585
886 10.970265386557 -16.264087276336 -1.175570504585
887 12.078067748503 -15.459221747757 -1.175570504585
888 13.127026978461 -14.579040444779 -1.175570504585
889 14.112032652504 -13.627831522234 -1.175570504585
890 15.028285922001 -12.610229174378 -1.175570504585
891 15.871322893124 -11.531191057560 -1.175570504585
892 16.637036374491 -10.395974137020 -1.175570504585
893 17.321695886991 -9.210109075485 -1.175570504585
894 17.921965838301 -7.979373288331 -1.175570504585
895 18.434921773555 -6.709762796600 -1.175570504585
896 18.858064623001 -5.407463014987 -1.175570504585
897 19.189332877210 -4.078818617121 -1.175570504585
898 19.427112630546 -2.730302624954 -1.175570504585
899 19.570245443952 -1.368484872848 -1.175570504585
