0 0 1 91
1 0 91 90
2 1 2 92
3 1 92 91
4 2 3 93
5 2 93 92
6 3 4 94
7 3 94 93
8 4 5 95
9 4 95 94
10 5 6 96
11 5 96 95
12 6 7 97
13 6 97 96
14 7 8 98
15 7 98 97
16 8 9 99
17 8 99 98
18 9 10 100
19 9 100 99
20 10 11 101
21 10 101 100
22 11 12 102
23 11 102 101
24 12 13 103
25 12 103 102
26 13 14 104
27 13 104 103
28 14 15 105
29 14 105 104
30 15 16 106
31 15 106 105
32 16 17 107
33 16 107 106
34 17 18 108
35 17 108 107
36 18 19 109
37 18 109 108
38 19 20 110
39 19 110 109
40 20 21 111
41 20 111 110
42 21 22 112
43 21 112 111
44 22 23 113
45 22 113 112
46 23 24 114
47 23 114 113
48 24 25 115
49 24 115 114
50 25 26 116
51 25 116 115
52 26 27 117
53 26 117 116
54 27 28 118
55 27 118 117
56 28 29 119
57 28 119 118
58 29 30 120
59 29 120 119
60 30 31 121
61 30 121 120
62 31 32 122
63 31 122 121
64 32 33 123
65 32 123 122
66 33 34 124
67 33 124 123
68 34 35 125
69 34 125 124
70 35 36 126
71 35 126 125
72 36 37 127
73 36 127 126
74 37 38 128
75 37 128 127
76 38 39 129
77 38 129 128
78 39 40 130
79 39 130 129
80 40 41 131
81 40 131 130
82 41 42 132
83 41 132 131
84 42 43 133
85 42 133 132
86 43 44 134
87 43 134 133
88 44 45 135
89 44 135 134
90 45 46 136
91 45 136 135
92 46 47 137
93 46 137 136
94 47 48 138
95 47 138 137
96 48 49 139
97 48 139 138
98 49 50 140
99 49 140 139
100 50 51 141
101 50 141 140
102 51 52 142
103 51 142 141
104 52 53 143
105 52 143 142
106 53 54 144
107 53 144 143
108 54 55 145
109 54 145 144
110 55 56 146
111 55 146 145
112 56 57 147
113 56 147 146
114 57 58 148
115 57 148 147
116 58 59 149
117 58 149 148
118 59 60 150
119 59 150 149
120 60 61 151
121 60 151 150
122 61 62 152
123 61 152 151
124 62 63 153
125 62 153 152
126 63 64 154
127 63 154 153
128 64 65 155
129 64 155 154
130 65 66 156
131 65 156 155
132 66 67 157
133 66 157 156
134 67 68 158
135 67 158 157
136 68 69 159
137 68 159 158
138 69 70 160
139 69 160 159
140 70 71 161
141 70 161 160
142 71 72 162
143 71 162 161
144 72 73 163
145 72 163 162
146 73 74 164
147 73 164 163
148 74 75 165
149 74 165 164
150 75 76 166
151 75 166 165
152 76 77 167
153 76 167 166
154 77 78 168
155 77 168 167
156 78 79 169
157 78 169 168
158 79 80 170
159 79 170 169
160 80 81 171
161 80 171 170
162 81 82 172
163 81 172 171
164 82 83 173
165 82 173 172
166 83 84 174
167 83 174 173
168 84 85 175
169 84 175 174
170 85 86 176
171 85 176 175
172 86 87 177
173 86 177 176
174 87 88 178
175 87 178 177
176 88 89 179
177 88 179 178
178 89 0 90
179 89 90 179
180 90 91 181
181 90 181 180
182 91 92 182
183 91 182 181
184 92 93 183
185 92 183 182
186 93 94 184
187 93 184 183
188 94 95 185
189 94 185 184
190 95 96 186
191 95 186 185
192 96 97 187
193 96 187 186
194 97 98 188
195 97 188 187
196 98 99 189
197 98 189 188
198 99 100 190
199 99 190 189
200 100 101 191
201 100 191 190
202 101 102 192
203 101 192 191
204 102 103 193
205 102 193 192
206 103 104 194
207 103 194 193
208 104 105 195
209 104 195 194
210 105 106 196
211 105 196 195
212 106 107 197
213 106 197 196
214 107 108 198
215 107 198 197
216 108 109 199
217 108 199 198
218 109 110 200
219 109 200 199
220 110 111 201
221 110 201 200
222 111 112 202
223 111 202 201
224 112 113 203
225 112 203 202
226 113 114 204
227 113 204 203
228 114 115 205
229 114 205 204
230 115 116 206
231 115 206 205
232 116 117 207
233 116 207 206
234 117 118 208
235 117 208 207
236 118 119 209
237 118 209 208
238 119 120 210
239 119 210 209
240 120 121 211
241 120 211 210
242 121 122 212
243 121 212 211
244 122 123 213
245 122 213 212
246 123 124 214
247 123 214 213
248 124 125 215
249 124 215 214
250 125 126 216
251 125 216 215
252 126 127 217
253 126 217 216
254 127 128 218
255 127 218 217
256 128 129 219
257 128 219 218
258 129 130 220
259 129 220 219
260 130 131 221
261 130 221 220
262 131 132 222
263 131 222 221
264 132 133 223
265 132 223 222
266 133 134 224
267 133 224 223
268 134 135 225
269 134 225 224
270 135 136 226
271 135 226 225
272 136 137 227
273 136 227 226
274 137 138 228
275 137 228 227
276 138 139 229
277 138 229 228
278 139 140 230
279 139 230 229
280 140 141 231
281 140 231 230
282 141 142 232
283 141 232 231
284 142 143 233
285 142 233 232
286 143 144 234
287 143 234 233
288 144 145 235
289 144 235 234
290 145 146 236
291 145 236 235
292 146 147 237
293 146 237 236
294 147 148 238
295 147 238 237
296 148 149 239
297 148 239 238
298 149 150 240
299 149 240 239
300 150 151 241
301 150 241 240
302 151 152 242
303 151 242 241
304 152 153 243
305 152 243 242
306 153 154 244
307 153 244 243
308 154 155 245
309 154 245 244
310 155 156 246
311 155 246 245
312 156 157 247
313 156 247 246
314 157 158 248
315 157 248 247
316 158 159 249
317 158 249 248
318 159 160 250
319 159 250 249
320 160 161 251
321 160 251 250
322 161 162 252
323 161 252 251
324 162 163 253
325 162 253 252
326 163 164 254
327 163 254 253
328 164 165 255
329 164 255 254
330 165 166 256
331 165 256 255
332 166 167 257
333 166 257 256
334 167 168 258
335 167 258 257
336 168 169 259
337 168 259 258
338 169 170 260
339 169 260 259
340 170 171 261
341 170 261 260
342 171 172 262
343 171 262 261
344 172 173 263
345 172 263 262
346 173 174 264
347 173 264 263
348 174 175 265
349 174 265 264
350 175 176 266
351 175 266 265
352 176 177 267
353 176 267 266
354 177 178 268
355 177 268 267
356 178 179 269
357 178 269 268
358 179 90 180
359 179 180 269
360 180 181 271
361 180 271 270
362 181 182 272
363 181 272 271
364 182 183 273
365 182 273 272
366 183 184 274
367 183 274 273
368 184 185 275
369 184 275 274
370 185 186 276
371 185 276 275
372 186 187 277
373 186 277 276
374 187 188 278
375 187 278 277
376 188 189 279
377 188 279 278
378 189 190 280
379 189 280 279
380 190 191 281
381 190 281 280
382 191 192 282
383 191 282 281
384 192 193 283
385 192 283 282
386 193 194 284
387 193 284 283
388 194 195 285
389 194 285 284
390 195 196 286
391 195 286 285
392 196 197 287
393 196 287 286
394 197 198 288
395 197 288 287
396 198 199 289
397 198 289 288
398 199 200 290
399 199 290 289
400 200 201 291
401 200 291 290
402 201 202 292
403 201 292 291
404 202 203 293
405 202 293 292
406 203 204 294
407 203 294 293
408 204 205 295
409 204 295 294
410 205 206 296
411 205 296 295
412 206 207 297
413 206 297 296
414 207 208 298
415 207 298 297
416 208 209 299
417 208 299 298
418 209 210 300
419 209 300 299
420 210 211 301
421 210 301 300
422 211 212 302
423 211 302 301
424 212 213 303
425 212 303 302
426 213 214 304
427 213 304 303
428 214 215 305
429 214 305 304
430 215 216 306
431 215 306 305
432 216 217 307
433 216 307 306
434 217 218 308
435 217 308 307
436 218 219 309
437 218 309 308
438 219 220 310
439 219 310 309
440 220 221 311
441 220 311 310
442 221 222 312
443 221 312 311
444 222 223 313
445 222 313 312
446 223 224 314
447 223 314 313
448 224 225 315
449 224 315 314
450 225 226 316
451 225 316 315
452 226 227 317
453 226 317 316
454 227 228 318
455 227 318 317
456 228 229 319
457 228 319 318
458 229 230 320
459 229 320 319
460 230 231 321
461 230 321 320
462 231 232 322
463 231 322 321
464 232 233 323
465 232 323 322
466 233 234 324
467 233 324 323
468 234 235 325
469 234 325 324
470 235 236 326
471 235 326 325
472 236 237 327
473 236 327 326
474 237 238 328
475 237 328 327
476 238 239 329
477 238 329 328
478 239 240 330
479 239 330 329
480 240 241 331
481 240 331 330
482 241 242 332
483 241 332 331
484 242 243 333
485 242 333 332
486 243 244 334
487 243 334 333
488 244 245 335
489 244 335 334
490 245 246 336
491 245 336 335
492 246 247 337
493 246 337 336
494 247 248 338
495 247 338 337
496 248 249 339
497 248 339 338
498 249 250 340
499 249 340 339
500 250 251 341
501 250 341 340
502 251 252 342
503 251 342 341
504 252 253 343
505 252 343 342
506 253 254 344
507 253 344 343
508 254 255 345
509 254 345 344
510 255 256 346
511 255 346 345
512 256 257 347
513 256 347 346
514 257 258 348
515 257 348 347
516 258 259 349
517 258 349 348
518 259 260 350
519 259 350 349
520 260 261 351
521 260 351 350
522 261 262 352
523 261 352 351
524 262 263 353
525 262 353 352
526 263 264 354
527 263 354 353
528 264 265 355
529 264 355 354
530 265 266 356
531 265 356 355
532 266 267 357
533 266 357 356
534 267 268 358
535 267 358 357
536 268 269 359
537 268 359 358
538 269 180 270
539 269 270 359
540 270 271 361
541 270 361 360
542 271 272 362
543 271 362 361
544 272 273 363
545 272 363 362
546 273 274 364
547 273 364 363
548 274 275 365
549 274 365 364
550 275 276 366
551 275 366 365
552 276 277 367
553 276 367 366
554 277 278 368
555 277 368 367
556 278 279 369
557 278 369 368
558 279 280 370
559 279 370 369
560 280 281 371
561 280 371 370
562 281 282 372
563 281 372 371
564 282 283 373
565 282 373 372
566 283 284 374
567 283 374 373
568 284 285 375
569 284 375 374
570 285 286 376
571 285 376 375
572 286 287 377
573 286 377 376
574 287 288 378
575 287 378 377
576 288 289 379
577 288 379 378
578 289 290 380
579 289 380 379
580 290 291 381
581 290 381 380
582 291 292 382
583 291 382 381
584 292 293 383
585 292 383 382
586 293 294 384
587 293 384 383
588 294 295 385
589 294 385 384
590 295 296 386
591 295 386 385
592 296 297 387
593 296 387 386
594 297 298 388
595 297 388 387
596 298 299 389
597 298 389 388
598 299 300 390
599 299 390 389
600 300 301 391
601 300 391 390
602 301 302 392
603 301 392 391
604 302 303 393
605 302 393 392
606 303 304 394
607 303 394 393
608 304 305 395
609 304 395 394
610 305 306 396
611 305 396 395
612 306 307 397
613 306 397 396
614 307 308 398
615 307 398 397
616 308 309 399
617 308 399 398
618 309 310 400
619 309 400 399
620 310 311 401
621 310 401 400
622 311 312 402
623 311 402 401
624 312 313 403
625 312 403 402
626 313 314 404
627 313 404 403
628 314 315 405
629 314 405 404
630 315 316 406
631 315 406 405
632 316 317 407
633 316 407 406
634 317 318 408
635 317 408 407
636 318 319 409
637 318 409 408
638 319 320 410
639 319 410 409
640 320 321 411
641 320 411 410
642 321 322 412
643 321 412 411
644 322 323 413
645 322 413 412
646 323 324 414
647 323 414 413
648 324 325 415
649 324 415 414
650 325 326 416
651 325 416 415
652 326 327 417
653 326 417 416
654 327 328 418
655 327 418 417
656 328 329 419
657 328 419 418
658 329 330 420
659 329 420 419
660 330 331 421
661 330 421 420
662 331 332 422
663 331 422 421
664 332 333 423
665 332 423 422
666 333 334 424
667 333 424 423
668 334 335 425
669 334 425 424
670 335 336 426
671 335 426 425
672 336 337 427
673 336 427 426
674 337 338 428
675 337 428 427
676 338 339 429
677 338 429 428
678 339 340 430
679 339 430 429
680 340 341 431
681 340 431 430
682 341 342 432
683 341 432 431
684 342 343 433
685 342 433 432
686 343 344 434
687 343 434 433
688 344 345 435
689 344 435 434
690 345 346 436
691 345 436 435
692 346 347 437
693 346 437 436
694 347 348 438
695 347 438 437
696 348 349 439
697 348 439 438
698 349 350 440
699 349 440 439
700 350 351 441
701 350 441 440
702 351 352 442
703 351 442 441
704 352 353 443
705 352 443 442
706 353 354 444
707 353 444 443
708 354 355 445
709 354 445 444
710 355 356 446
711 355 446 445
712 356 357 447
713 356 447 446
714 357 358 448
715 357 448 447
716 358 359 449
717 358 449 448
718 359 270 360
719 359 360 449
720 360 361 451
721 360 451 450
722 361 362 452
723 361 452 451
724 362 363 453
725 362 453 452
726 363 364 454
727 363 454 453
728 364 365 455
729 364 455 454
730 365 366 456
731 365 456 455
732 366 367 457
733 366 457 456
734 367 368 458
735 367 458 457
736 368 369 459
737 368 459 458
738 369 370 460
739 369 460 459
740 370 371 461
741 370 461 460
742 371 372 462
743 371 462 461
744 372 373 463
745 372 463 462
746 373 374 464
747 373 464 463
748 374 375 465
749 374 465 464
750 375 376 466
751 375 466 465
752 376 377 467
753 376 467 466
754 377 378 468
755 377 468 467
756 378 379 469
757 378 469 468
758 379 380 470
759 379 470 469
760 380 381 471
761 380 471 470
762 381 382 472
763 381 472 471
764 382 383 473
765 382 473 472
766 383 384 474
767 383 474 473
768 384 385 475
769 384 475 474
770 385 386 476
771 385 476 475
772 386 387 477
773 386 477 476
774 387 388 478
775 387 478 477
776 388 389 479
777 388 479 478
778 389 390 480
779 389 480 479
780 390 391 481
781 390 481 480
782 391 392 482
783 391 482 481
784 392 393 483
785 392 483 482
786 393 394 484
787 393 484 483
788 394 395 485
789 394 485 484
790 395 396 486
791 395 486 485
792 396 397 487
793 396 487 486
794 397 398 488
795 397 488 487
796 398 399 489
797 398 489 488
798 399 400 490
799 399 490 489
800 400 401 491
801 400 491 490
802 401 402 492
803 401 492 491
804 402 403 493
805 402 493 492
806 403 404 494
807 403 494 493
808 404 405 495
809 404 495 494
810 405 406 496
811 405 496 495
812 406 407 497
813 406 497 496
814 407 408 498
815 407 498 497
816 408 409 499
817 408 499 498
818 409 410 500
819 409 500 499
820 410 411 501
821 410 501 500
822 411 412 502
823 411 502 501
824 412 413 503
825 412 503 502
826 413 414 504
827 413 504 503
828 414 415 505
829 414 505 504
830 415 416 506
831 415 506 505
832 416 417 507
833 416 507 506
834 417 418 508
835 417 508 507
836 418 419 509
837 418 509 508
838 419 420 510
839 419 510 509
840 420 421 511
841 420 511 510
842 421 422 512
843 421 512 511
844 422 423 513
845 422 513 512
846 423 424 514
847 423 514 513
848 424 425 515
849 424 515 514
850 425 426 516
851 425 516 515
852 426 427 517
853 426 517 516
854 427 428 518
855 427 518 517
856 428 429 519
857 428 519 518
858 429 430 520
859 429 520 519
860 430 431 521
861 430 521 520
862 431 432 522
863 431 522 521
864 432 433 523
865 432 523 522
866 433 434 524
867 433 524 523
868 434 435 525
869 434 525 524
870 435 436 526
871 435 526 525
872 436 437 527
873 436 527 526
874 437 438 528
875 437 528 527
876 438 439 529
877 438 529 528
878 439 440 530
879 439 530 529
880 440 441 531
881 440 531 530
882 441 442 532
883 441 532 531
884 442 443 533
885 442 533 532
886 443 444 534
887 443 534 533
888 444 445 535
889 444 535 534
890 445 446 536
891 445 536 535
892 446 447 537
893 446 537 536
894 447 448 538
895 447 538 537
896 448 449 539
897 448 539 538
898 449 360 450
899 449 450 539
900 450 451 541
901 450 541 540
902 451 452 542
903 451 542 541
904 452 453 543
905 452 543 542
906 453 454 544
907 453 544 543
908 454 455 545
909 454 545 544
910 455 456 546
911 455 546 545
912 456 457 547
913 456 547 546
914 457 458 548
915 457 548 547
916 458 459 549
917 458 549 548
918 459 460 550
919 459 550 549
920 460 461 551
921 460 551 550
922 461 462 552
923 461 552 551
924 462 463 553
925 462 553 552
926 463 464 554
927 463 554 553
928 464 465 555
929 464 555 554
930 465 466 556
931 465 556 555
932 466 467 557
933 466 557 556
934 467 468 558
935 467 558 557
936 468 469 559
937 468 559 558
938 469 470 560
939 469 560 559
940 470 471 561
941 470 561 560
942 471 472 562
943 471 562 561
944 472 473 563
945 472 563 562
946 473 474 564
947 473 564 563
948 474 475 565
949 474 565 564
950 475 476 566
951 475 566 565
952 476 477 567
953 476 567 566
954 477 478 568
955 477 568 567
956 478 479 569
957 478 569 568
958 479 480 570
959 479 570 569
960 480 481 571
961 480 571 570
962 481 482 572
963 481 572 571
964 482 483 573
965 482 573 572
966 483 484 574
967 483 574 573
968 484 485 575
969 484 575 574
970 485 486 576
971 485 576 575
972 486 487 577
973 486 577 576
974 487 488 578
975 487 578 577
976 488 489 579
977 488 579 578
978 489 490 580
979 489 580 579
980 490 491 581
981 490 581 580
982 491 492 582
983 491 582 581
984 492 493 583
985 492 583 582
986 493 494 584
987 493 584 583
988 494 495 585
989 494 585 584
990 495 496 586
991 495 586 585
992 496 497 587
993 496 587 586
994 497 498 588
995 497 588 587
996 498 499 589
997 498 589 588
998 499 500 590
999 499 590 589
1000 500 501 591
1001 500 591 590
1002 501 502 592
1003 501 592 591
1004 502 503 593
1005 502 593 592
1006 503 504 594
1007 503 594 593
1008 504 505 595
1009 504 595 594
1010 505 506 596
1011 505 596 595
1012 506 507 597
1013 506 597 596
1014 507 508 598
1015 507 598 597
1016 508 509 599
1017 508 599 598
1018 509 510 600
1019 509 600 599
1020 510 511 601
1021 510 601 600
1022 511 512 602
1023 511 602 601
1024 512 513 603
1025 512 603 602
1026 513 514 604
1027 513 604 603
1028 514 515 605
1029 514 605 604
1030 515 516 606
1031 515 606 605
1032 516 517 607
1033 516 607 606
1034 517 518 608
1035 517 608 607
1036 518 519 609
1037 518 609 608
1038 519 520 610
1039 519 610 609
1040 520 521 611
1041 520 611 610
1042 521 522 612
1043 521 612 611
1044 522 523 613
1045 522 613 612
1046 523 524 614
1047 523 614 613
1048 524 525 615
1049 524 615 614
1050 525 526 616
1051 525 616 615
1052 526 527 617
1053 526 617 616
1054 527 528 618
1055 527 618 617
1056 528 529 619
1057 528 619 618
1058 529 530 620
1059 529 620 619
1060 530 531 621
1061 530 621 620
1062 531 532 622
1063 531 622 621
1064 532 533 623
1065 532 623 622
1066 533 534 624
1067 533 624 623
1068 534 535 625
1069 534 625 624
1070 535 536 626
1071 535 626 625
1072 536 537 627
1073 536 627 626
1074 537 538 628
1075 537 628 627
1076 538 539 629
1077 538 629 628
1078 539 450 540
1079 539 540 629
1080 540 541 631
1081 540 631 630
1082 541 542 632
1083 541 632 631
1084 542 543 633
1085 542 633 632
1086 543 544 634
1087 543 634 633
1088 544 545 635
1089 544 635 634
1090 545 546 636
1091 545 636 635
1092 546 547 637
1093 546 637 636
1094 547 548 638
1095 547 638 637
1096 548 549 639
1097 548 639 638
1098 549 550 640
1099 549 640 639
1100 550 551 641
1101 550 641 640
1102 551 552 642
1103 551 642 641
1104 552 553 643
1105 552 643 642
1106 553 554 644
1107 553 644 643
1108 554 555 645
1109 554 645 644
1110 555 556 646
1111 555 646 645
1112 556 557 647
1113 556 647 646
1114 557 558 648
1115 557 648 647
1116 558 559 649
1117 558 649 648
1118 559 560 650
1119 559 650 649
1120 560 561 651
1121 560 651 650
1122 561 562 652
1123 561 652 651
1124 562 563 653
1125 562 653 652
1126 563 564 654
1127 563 654 653
1128 564 565 655
1129 564 655 654
1130 565 566 656
1131 565 656 655
1132 566 567 657
1133 566 657 656
1134 567 568 658
1135 567 658 657
1136 568 569 659
1137 568 659 658
1138 569 570 660
1139 569 660 659
1140 570 571 661
1141 570 661 660
1142 571 572 662
1143 571 662 661
1144 572 573 663
1145 572 663 662
1146 573 574 664
1147 573 664 663
1148 574 575 665
1149 574 665 664
1150 575 576 666
1151 575 666 665
1152 576 577 667
1153 576 667 666
1154 577 578 668
1155 577 668 667
1156 578 579 669
1157 578 669 668
1158 579 580 670
1159 579 670 669
1160 580 581 671
1161 580 671 670
1162 581 582 672
1163 581 672 671
1164 582 583 673
1165 582 673 672
1166 583 584 674
1167 583 674 673
1168 584 585 675
1169 584 675 674
1170 585 586 676
1171 585 676 675
1172 586 587 677
1173 586 677 676
1174 587 588 678
1175 587 678 677
1176 588 589 679
1177 588 679 678
1178 589 590 680
1179 589 680 679
1180 590 591 681
1181 590 681 680
1182 591 592 682
1183 591 682 681
1184 592 593 683
1185 592 683 682
1186 593 594 684
1187 593 684 683
1188 594 595 685
1189 594 685 684
1190 595 596 686
1191 595 686 685
1192 596 597 687
1193 596 687 686
1194 597 598 688
1195 597 688 687
1196 598 599 689
1197 598 689 688
1198 599 600 690
1199 599 690 689
1200 600 601 691
1201 600 691 690
1202 601 602 692
1203 601 692 691
1204 602 603 693
1205 602 693 692
1206 603 604 694
1207 603 694 693
1208 604 605 695
1209 604 695 694
1210 605 606 696
1211 605 696 695
1212 606 607 697
1213 606 697 696
1214 607 608 698
1215 607 698 697
1216 608 609 699
1217 608 699 698
1218 609 610 700
1219 609 700 699
1220 610 611 701
1221 610 701 700
1222 611 612 702
1223 611 702 701
1224 612 613 703
1225 612 703 702
1226 613 614 704
1227 613 704 703
1228 614 615 705
1229 614 705 704
1230 615 616 706
1231 615 706 705
1232 616 617 707
1233 616 707 706
1234 617 618 708
1235 617 708 707
1236 618 619 709
1237 618 709 708
1238 619 620 710
1239 619 710 709
1240 620 621 711
1241 620 711 710
1242 621 622 712
1243 621 712 711
1244 622 623 713
1245 622 713 712
1246 623 624 714
1247 623 714 713
1248 624 625 715
1249 624 715 714
1250 625 626 716
1251 625 716 715
1252 626 627 717
1253 626 717 716
1254 627 628 718
1255 627 718 717
1256 628 629 719
1257 628 719 718
1258 629 540 630
1259 629 630 719
1260 630 631 721
1261 630 721 720
1262 631 632 722
1263 631 722 721
1264 632 633 723
1265 632 723 722
1266 633 634 724
1267 633 724 723
1268 634 635 725
1269 634 725 724
1270 635 636 726
1271 635 726 725
1272 636 637 727
1273 636 727 726
1274 637 638 728
1275 637 728 727
1276 638 639 729
1277 638 729 728
1278 639 640 730
1279 639 730 729
1280 640 641 731
1281 640 731 730
1282 641 642 732
1283 641 732 731
1284 642 643 733
1285 642 733 732
1286 643 644 734
1287 643 734 733
1288 644 645 735
1289 644 735 734
1290 645 646 736
1291 645 736 735
1292 646 647 737
1293 646 737 736
1294 647 648 738
1295 647 738 737
1296 648 649 739
1297 648 739 738
1298 649 650 740
1299 649 740 739
1300 650 651 741
1301 650 741 740
1302 651 652 742
1303 651 742 741
1304 652 653 743
1305 652 743 742
1306 653 654 744
1307 653 744 743
1308 654 655 745
1309 654 745 744
1310 655 656 746
1311 655 746 745
1312 656 657 747
1313 656 747 746
1314 657 658 748
1315 657 748 747
1316 658 659 749
1317 658 749 748
1318 659 660 750
1319 659 750 749
1320 660 661 751
1321 660 751 750
1322 661 662 752
1323 661 752 751
1324 662 663 753
1325 662 753 752
1326 663 664 754
1327 663 754 753
1328 664 665 755
1329 664 755 754
1330 665 666 756
1331 665 756 755
1332 666 667 757
1333 666 757 756
1334 667 668 758
1335 667 758 757
1336 668 669 759
1337 668 759 758
1338 669 670 760
1339 669 760 759
1340 670 671 761
1341 670 761 760
1342 671 672 762
1343 671 762 761
1344 672 673 763
1345 672 763 762
1346 673 674 764
1347 673 764 763
1348 674 675 765
1349 674 765 764
1350 675 676 766
1351 675 766 765
1352 676 677 767
1353 676 767 766
1354 677 678 768
1355 677 768 767
1356 678 679 769
1357 678 769 768
1358 679 680 770
1359 679 770 769
1360 680 681 771
1361 680 771 770
1362 681 682 772
1363 681 772 771
1364 682 683 773
1365 682 773 772
1366 683 684 774
1367 683 774 773
1368 684 685 775
1369 684 775 774
1370 685 686 776
1371 685 776 775
1372 686 687 777
1373 686 777 776
1374 687 688 778
1375 687 778 777
1376 688 689 779
1377 688 779 778
1378 689 690 780
1379 689 780 779
1380 690 691 781
1381 690 781 780
1382 691 692 782
1383 691 782 781
1384 692 693 783
1385 692 783 782
1386 693 694 784
1387 693 784 783
1388 694 695 785
1389 694 785 784
1390 695 696 786
1391 695 786 785
1392 696 697 787
1393 696 787 786
1394 697 698 788
1395 697 788 787
1396 698 699 789
1397 698 789 788
1398 699 700 790
1399 699 790 789
1400 700 701 791
1401 700 791 790
1402 701 702 792
1403 701 792 791
1404 702 703 793
1405 702 793 792
1406 703 704 794
1407 703 794 793
1408 704 705 795
1409 704 795 794
1410 705 706 796
1411 705 796 795
1412 706 707 797
1413 706 797 796
1414 707 708 798
1415 707 798 797
1416 708 709 799
1417 708 799 798
1418 709 710 800
1419 709 800 799
1420 710 711 801
1421 710 801 800
1422 711 712 802
1423 711 802 801
1424 712 713 803
1425 712 803 802
1426 713 714 804
1427 713 804 803
1428 714 715 805
1429 714 805 804
1430 715 716 806
1431 715 806 805
1432 716 717 807
1433 716 807 806
1434 717 718 808
1435 717 808 807
1436 718 719 809
1437 718 809 808
1438 719 630 720
1439 719 720 809
1440 720 721 811
1441 720 811 810
1442 721 722 812
1443 721 812 811
1444 722 723 813
1445 722 813 812
1446 723 724 814
1447 723 814 813
1448 724 725 815
1449 724 815 814
1450 725 726 816
1451 725 816 815
1452 726 727 817
1453 726 817 816
1454 727 728 818
1455 727 818 817
1456 728 729 819
1457 728 819 818
1458 729 730 820
1459 729 820 819
1460 730 731 821
1461 730 821 820
1462 731 732 822
1463 731 822 821
1464 732 733 823
1465 732 823 822
1466 733 734 824
1467 733 824 823
1468 734 735 825
1469 734 825 824
1470 735 736 826
1471 735 826 825
1472 736 737 827
1473 736 827 826
1474 737 738 828
1475 737 828 827
1476 738 739 829
1477 738 829 828
1478 739 740 830
1479 739 830 829
1480 740 741 831
1481 740 831 830
1482 741 742 832
1483 741 832 831
1484 742 743 833
1485 742 833 832
1486 743 744 834
1487 743 834 833
1488 744 745 835
1489 744 835 834
1490 745 746 836
1491 745 836 835
1492 746 747 837
1493 746 837 836
1494 747 748 838
1495 747 838 837
1496 748 749 839
1497 748 839 838
1498 749 750 840
1499 749 840 839
1500 750 751 841
1501 750 841 840
1502 751 752 842
1503 751 842 841
1504 752 753 843
1505 752 843 842
1506 753 754 844
1507 753 844 843
1508 754 755 845
1509 754 845 844
1510 755 756 846
1511 755 846 845
1512 756 757 847
1513 756 847 846
1514 757 758 848
1515 757 848 847
1516 758 759 849
1517 758 849 848
1518 759 760 850
1519 759 850 849
1520 760 761 851
1521 760 851 850
1522 761 762 852
1523 761 852 851
1524 762 763 853
1525 762 853 852
1526 763 764 854
1527 763 854 853
1528 764 765 855
1529 764 855 854
1530 765 766 856
1531 765 856 855
1532 766 767 857
1533 766 857 856
1534 767 768 858
1535 767 858 857
1536 768 769 859
1537 768 859 858
1538 769 770 860
1539 769 860 859
1540 770 771 861
1541 770 861 860
1542 771 772 862
1543 771 862 861
1544 772 773 863
1545 772 863 862
1546 773 774 864
1547 773 864 863
1548 774 775 865
1549 774 865 864
1550 775 776 866
1551 775 866 865
1552 776 777 867
1553 776 867 866
1554 777 778 868
1555 777 868 867
1556 778 779 869
1557 778 869 868
1558 779 780 870
1559 779 870 869
1560 780 781 871
1561 780 871 870
1562 781 782 872
1563 781 872 871
1564 782 783 873
1565 782 873 872
1566 783 784 874
1567 783 874 873
1568 784 785 875
1569 784 875 874
1570 785 786 876
1571 785 876 875
1572 786 787 877
1573 786 877 876
1574 787 788 878
1575 787 878 877
1576 788 789 879
1577 788 879 878
1578 789 790 880
1579 789 880 879
1580 790 791 881
1581 790 881 880
1582 791 792 882
1583 791 882 881
1584 792 793 883
1585 792 883 882
1586 793 794 884
1587 793 884 883
1588 794 795 885
1589 794 885 884
1590 795 796 886
1591 795 886 885
1592 796 797 887
1593 796 887 886
1594 797 798 888
1595 797 888 887
1596 798 799 889
1597 798 889 888
1598 799 800 890
1599 799 890 889
1600 800 801 891
1601 800 891 890
1602 801 802 892
1603 801 892 891
1604 802 803 893
1605 802 893 892
1606 803 804 894
1607 803 894 893
1608 804 805 895
1609 804 895 894
1610 805 806 896
1611 805 896 895
1612 806 807 897
1613 806 897 896
1614 807 808 898
1615 807 898 897
1616 808 809 899
1617 808 899 898
1618 809 720 810
1619 809 810 899
1620 810 811 1
1621 810 1 0
1622 811 812 2
1623 811 2 1
1624 812 813 3
1625 812 3 2
1626 813 814 4
1627 813 4 3
1628 814 815 5
1629 814 5 4
1630 815 816 6
1631 815 6 5
1632 816 817 7
1633 816 7 6
1634 817 818 8
1635 817 8 7
1636 818 819 9
1637 818 9 8
1638 819 820 10
1639 819 10 9
1640 820 821 11
1641 820 11 10
1642 821 822 12
1643 821 12 11
1644 822 823 13
1645 822 13 12
1646 823 824 14
1647 823 14 13
1648 824 825 15
1649 824 15 14
1650 825 826 16
1651 825 16 15
1652 826 827 17
1653 826 17 16
1654 827 828 18
1655 827 18 17
1656 828 829 19
1657 828 19 18
1658 829 830 20
1659 829 20 19
1660 830 831 21
1661 830 21 20
1662 831 832 22
1663 831 22 21
1664 832 833 23
1665 832 23 22
1666 833 834 24
1667 833 24 23
1668 834 835 25
1669 834 25 24
1670 835 836 26
1671 835 26 25
1672 836 837 27
1673 836 27 26
1674 837 838 28
1675 837 28 27
1676 838 839 29
1677 838 29 28
1678 839 840 30
1679 839 30 29
1680 840 841 31
1681 840 31 30
1682 841 842 32
1683 841 32 31
1684 842 843 33
1685 842 33 32
1686 843 844 34
1687 843 34 33
1688 844 845 35
1689 844 35 34
1690 845 846 36
1691 845 36 35
1692 846 847 37
1693 846 37 36
1694 847 848 38
1695 847 38 37
1696 848 849 39
1697 848 39 38
1698 849 850 40
1699 849 40 39
1700 850 851 41
1701 850 41 40
1702 851 852 42
1703 851 42 41
1704 852 853 43
1705 852 43 42
1706 853 854 44
1707 853 44 43
1708 854 855 45
1709 854 45 44
1710 855 856 46
1711 855 46 45
1712 856 857 47
1713 856 47 46
1714 857 858 48
1715 857 48 47
1716 858 859 49
1717 858 49 48
1718 859 860 50
1719 859 50 49
1720 860 861 51
1721 860 51 50
1722 861 862 52
1723 861 52 51
1724 862 863 53
1725 862 53 52
1726 863 864 54
1727 863 54 53
1728 864 865 55
1729 864 55 54
1730 865 866 56
1731 865 56 55
1732 866 867 57
1733 866 57 56
1734 867 868 58
1735 867 58 57
1736 868 869 59
1737 868 59 58
1738 869 870 60
1739 869 60 59
1740 870 871 61
1741 870 61 60
1742 871 872 62
1743 871 62 61
1744 872 873 63
1745 872 63 62
1746 873 874 64
1747 873 64 63
1748 874 875 65
1749 874 65 64
1750 875 876 66
1751 875 66 65
1752 876 877 67
1753 876 67 66
1754 877 878 68
1755 877 68 67
1756 878 879 69
1757 878 69 68
1758 879 880 70
1759 879 70 69
1760 880 881 71
1761 880 71 70
1762 881 882 72
1763 881 72 71
1764 882 883 73
1765 882 73 72
1766 883 884 74
1767 883 74 73
1768 884 885 75
1769 884 75 74
1770 885 886 76
1771 885 76 75
1772 886 887 77
1773 886 77 76
1774 887 888 78
1775 887 78 77
1776 888 889 79
1777 888 79 78
1778 889 890 80
1779 889 80 79
1780 890 891 81
1781 890 81 80
1782 891 892 82
1783 891 82 81
1784 892 893 83
1785 892 83 82
1786 893 894 84
1787 893 84 83
1788 894 895 85
1789 894 85 84
1790 895 896 86
1791 895 86 85
1792 896 897 87
1793 896 87 86
1794 897 898 88
1795 897 88 87
1796 898 899 89
1797 898 89 88
1798 899 810 0
1799 899 0 89
